zechariahs:14024022
zecher:13008031
zedad:04034008
zedek:06010001,06010003
zedekiah:11022011,11022024,12024017,12024018,12024020,12025002,12025007,12025007,14018010,14018023,14036010,14036011,16010001,24001003,24021001,24021004,24021007,24027001,24027003,24027012,24028001,24029003,24029021,24032001,24032003,24032004,24032005,24034004,24034006,24034008,24034021,24037001,24037003,24037017,24037018,24037021,24038005,24038014,24038015,24038016,24038017,24038019,24038024,24039001,24039002,24039004,24039005,24039006,24039007,24044030,24049034,24051059,24052001,24052003,24052005,24052008,24052010,24052011
zeeb:07007025,07007025,07007025,07007025,07008003,19083011
zela:06018028,10021014
zelek:10023037,13011039
zelophehad:04026033,04026033,04027001,04027007,04036002,04036006,04036010,04036011,06017003,13007015,13007015
zelzah:09010002
zemaraim:06018022,14013004
zemarites:01010018,13001016
zenan:06015037
zenas:56003013
zephaniah:12025018,13006036,24021001,24029029,24037003,24052024,36001001,38006010,38006014
zephath:07001017
zephathah:14014010
zepho:01036011
zephon:02014002,02014009,04033007
zer:06019035
zerah:01036033,01038030,04026013,06007001,06007018,06007024,06022020,13001044,13002004,13002006,13006021,13006041,13009006,14014009,16011024,40001003
zerahiah:13006006,13006006,13006051,15007004,15008004
zerahites:04026013,06007017,06007017,13027011,13027013
zered:04021012,05002013,05002013,05002014
zeredah:11011026,14004017
zererah:07007022
zeresh:17005010,17005014,17006013,17006013
zereth:06013019
zeror:09009001
zeruah:11011026
zerubbabel:15002002,15003002,15003008,15004002,15004003,15005002,16007007,16012001,16012047,37001001,37001012,37001014,37002002,37002004,37002021,37002023,38004006,38004007,38004009,38004010,40001013,42003027
zeruiah:09026006,10002013,10002018,10003039,10008016,10014001,10016009,10016010,10017025,10018002,10019021,10019022,10021017,10023018,10023037,11001007,11002005,11002022,13002016,13002016,13011006,13011039,13018012,13018015,13026028,13027024
zetham:13026022
zethar:17001010
zeus:44014012,44014013
ziba:10009002,10009002,10009003,10009004,10009009,10009010,10009011,10016001,10016002,10016002,10016003,10016004,10016004,10019017
zibas:10009012
zibeon:01036014,01036024
zibiah:12012001,14024001
zichri:13008019,13008023,13008027,13009015,13027016,14017016,14023001,14028007,16011009,16012017
ziddim:06019035
ziha:16011021
ziklag:06015031,06019005,09027006,09027006,09030001,09030001,09030001,09030014,09030026,10001001,10004010,13004030,13012001,13012020,16011028
zillah:01004019,01004022
zillethai:13008020
zilpah:01029024,01030009,01030010,01030012,01035026,01037002,01046018
zimmah:13006042,14029012
zimran:01025002
zimri:04025014,11016009,11016010,11016012,11016015,11016016,11016018,11016020,12009031,13008036,13008036,13009042,13009042,24025025
zin:04013021,04020001,04027014,04027014,04033036,04034003,04034004,05032051,06015001,06015003
zion:10005007,11008001,12019031,13011005,14005002,19002006,19009011,19009014,19014007,19020002,19048002,19048011,19048012,19050002,19051018,19053006,19065001,19069035,19074002,19076002,19078068,19084005,19084007,19087002,19087005,19097008,19099002,19102013,19102016,19102021,19110002,19125001,19126001,19128005,19129005,19132013,19133003,19134003,19135021,19137001,19137003,19146010,19147012,19149002,22003011,23001008,23001027,23003017,23004003,23004004,23004005,23008018,23010012,23010032,23012006,23014032,23016001,23018007,23024023,23028016,23029008,23030019,23031004,23031009,23033005,23033014,23033020,23034008,23035010,23037032,23040009,23041027,23046013,23049014,23051003,23051011,23051016,23052001,23052002,23052007,23052008,23059020,23060014,23061003,23064010,23066008,24003014,24004006,24004031,24006002,24006023,24009019,24014019,24031012,24050005,24050028,24051010,24051024,24051035,25001004,25001006,25001017,25002001,25002004,25002006,25002008,25002010,25002013,25002018,25004002,25004011,25004022,25005011,25005018,29002001,29002015,29002023,29002032,29003016,29003017,29003021,30006001,31001017,31001021,33001013,33003010,33003012,33004007,33004008,33004010,33004011,33004013,36003014,38002007,38002010,38009009,38009013,40021005,43012015,45009033,45011026,58012022,66014001
zions:23033006,23062001
zior:06015054
ziph:06015024,06015055,09023014,09023015,09023024,09026002,09026002,14011008
ziphites:09023019,09026001
ziphron:04034009
zippor:04022002,04022004,04022010,04022016,04023018,06024009,07011025
zipporah:02002021,02004025,02018002
ziv:11006001,11006037
ziz:14020016
ziza:13004037,14011020
zizah:13023011
zoan:04013022,19078012,19078043,23019011,23019013,23030004,26030014
zoar:01013010,01014002,01014008,01019022,01019023,01019030,01019030,05034003,23015005,24048034
zobah:09014047,10008003,10008005,10008012,10010006,10010008,10023036,11011023,13018003,13018005,13018009,13019006,14008003
zobebah:13004008
zohar:01023008,01025009
zophah:13007036
zophai:13006026
zophar:18002011,18011001,18020001,18042009
zophim:04023014,09001001
zorah:06015033,06019041,07013002,07013025,07016031,07018002,07018008,07018011,14011010,16011029
zorathites:13004002
zuar:04001008,04002005,04007018,04007023,04010015
zuph:09001001,09009005,13006035
zur:04025015,04031008,06013021,06015058,13009036,14011007,16003016
zuriel:04003035
zurishaddai:04001006,04002012,04007036,04007041,04010019
zuzim:01014005
