worldly:46007028,46007033,46007034,47007010,56002012,65001019
worlds:62003017
worm:05028039,18017014,18024020,18025006,19022006,23041014,23051008,23066024,32004007,41009048
worms:02016020,02016024,18007005,18021026,23014011,44012023
wormwood:20005004,25003015,25003019,30005007,30006012,66008011
worn:01018012,05029005,06009004,06009005,06009013,07008026,17006008,18016007,20030001,24038011,26023043,42008027
worried:42012029
worse:01019009,10019007,19039002,24007026,24016012,26023011,27001010,40009016,40012045,40027064,41002021,41005026,42011026,42013002,43005014,46008008,46011017,54005008,55003013,58010029,61002020
worship:01022005,02024001,02033010,02034014,05008019,05011016,05012004,05012031,05026010,05030017,06022025,09001003,09015025,10015008,11009006,12018022,13016029,14007019,14032012,15004002,15006021,19022027,19022029,19029002,19086009,19095006,19096009,19097007,19099005,19099009,19102022,19132007,23002020,23019021,23019023,23027013,23036007,23046006,23066023,24007002,24013010,24025006,26020032,26046002,26046009,27003005,27003006,27003010,27003011,27003014,27003015,27003018,27003028,38014016,38014017,40002002,40002008,40004009,40004010,40015009,41007007,42004007,42004008,43004020,43004021,43004022,43004023,43004024,43012020,44007007,44007042,44007043,44008027,44017023,44018013,44019027,44024011,44024014,44026007,44027023,45009004,45012001,46014025,50003003,51002018,53002004,58001006,58009001,58009021,58011021,58012028,66004010,66011001,66013008,66013012,66013015,66014007,66015004,66019010,66022003,66022008,66022009
worshiped:01024026,01024048,02004031,02012027,02032008,02034008,05017003,05029026,06005014,07007015,09001019,09001028,10012020,10015032,11009009,11011033,11016031,11022053,12017016,12021003,12021021,14007003,14007022,14025014,14029028,14029029,14029030,14033003,16008006,16009003,18001020,19106019,24001016,24008002,24022009,27003007,40002011,40014033,40028009,40028017,42024052,43004020,43009038,44010025,45001025,66005014,66007011,66011016,66013004,66016002,66019004,66019020,66020004
worshiper:43009031,44016014,44018007,58009009
worshipers:12010019,12010021,12010022,12010023,19097007,36003010,43004023,58010002,66014011
worshiping:12019037,14020018,23037038,26008016,42002037,44013002,66009020
worships:16009006,19066004,23044015,23044017,66014009
worst:19041007,26007024
worth:10018003,15008026,15008027,17005013,18028013,20010020,23007023,25004002,41006037,45008018,50002022,50003008
worthily:08004011
worthless:04021005,05013013,07009004,07011003,07019022,07020013,09001016,09002012,09010027,09015009,09025017,09025025,09030022,10016007,10020001,10023006,11021010,11021013,14013007,18011011,18013004,18034018,19031006,19096005,19097007,19101003,19119037,20006012,20012011,20016027,20019028,20028019,23030007,24010015,24051018,34001011,34001015,38011017,40025030,45003012,48004009,56003009,58006008,59001026
worthy:01032010,08002001,08003011,10022004,11001042,11001052,19018003,40003011,40008008,40010011,40010013,40010037,40010038,40022008,41001007,42003016,42007004,42007006,42015019,42015021,42020035,43001027,44005041,44013025,44013028,45016002,49004001,50001027,50004008,51001010,52002012,53001005,53001011,54005017,54006001,58003003,58011038,64001006,66003004,66004011,66005002,66005004,66005009,66005012
wound:02021025,05032039,11022035,18034006,19042010,20020030,24006014,24008011,24008021,24010019,24015018,24030013,26041007,28005013,33001009,34003019,66009019,66013003,66013012
wounded:07009040,09017052,09031003,10010018,11020037,11022034,12008028,13010003,14018033,14022005,14022006,14024025,14035023,18024012,19064007,19069026,23053005,24008021,24037010,24051004,24051052,25002012,26030024,42020012,44019016,66013014
wounding:46008012
wounds:12008029,12009015,14022006,18005018,18009017,19038005,19147003,20006033,20023029,20026010,20027006,23001006,23030026,24006007,24019008,24030017,24050013,38013006,42010034,44016033,60002024
wove:07016014,12023007
woven:02028008,02028027,02028028,02028032,02029005,02039001,02039005,02039020,02039021,02039022,02039027,03008007,19139015,43019023
wrap:23028020,44012008
wrapped:02019018,05004011,09021009,09028014,11019013,19109029,20030004,23059017,25003043,25003044,26007027,26016004,26016010,28004019,32002005,40027059,41015046,42002007,42023053,43011044,43013005,44005006,66010001
wrapping:01038014
wraps:19109019
wrath:01049007,02022024,02032010,02032011,03010006,04001053,04016046,04018005,04025011,05009007,05009008,05009022,05029023,05029028,06022020,09028018,12003027,12022013,12022017,12023026,13027024,14012012,14019002,14019010,14024018,14028011,14028013,14029008,14032025,14032026,14034021,14034025,14036016,15007023,15008022,15010014,16013018,17001018,17005009,17007007,17007010,18014013,18016009,18019011,18019029,18020028,18021020,18021030,18036018,19002005,19002012,19006001,19021009,19037008,19038001,19056007,19059013,19076010,19078021,19078038,19078049,19078059,19078062,19085003,19088007,19088016,19089038,19089046,19090007,19090009,19090011,19095011,19106023,19110005,19138007,20011004,20011023,20014035,20015001,20016014,20019012,20019019,20021014,20027004,20029008,20029022,23009019,23010006,23013009,23013013,23014006,23027004,23051013,23051017,23051020,23059018,23060010,23063003,23063005,23063006,24004004,24006011,24007029,24010010,24010025,24018020,24021005,24023019,24030023,24032031,24032037,24033005,24036007,24044006,24050013,24050025,25002002,25003001,25004011,26007008,26007012,26007014,26007019,26008018,26009008,26013015,26014019,26016038,26016042,26020008,26020013,26020021,26020033,26020034,26021031,26022020,26022021,26022022,26022031,26024008,26025014,26030015,26036018,26038018,26038019,27008006,27009016,28005010,28011009,28013011,33005015,34001002,34001006,35002015,35003002,35003008,36001015,36001018,40003007,42003007,42004028,42021023,43003036,45001018,45002005,45002008,45003005,45004015,45005009,45009022,45012019,45013004,45013005,49002003,49004031,49005006,51003006,52001010,52002016,52005009,58003011,58004003,66006016,66006017,66011018,66012012,66014010,66014019,66015001,66015007,66016001,66016019,66019015
wrathful:20022024,26025017,34001002
wreath:46009025
wreaths:11007017,11007029,11007030,11007036
wrecked:11022048,14020037,26027026,26027034
wrenched:41005004
wrestle:49006012
wrestled:01030008,01032024,01032025
wrestlings:01030008
wretched:45007024,59004009,66003017
wretchedness:04011015
wretches:19035015,40021041
wring:03001015,03005008
wrinkle:49005027
wrists:26016011
write:02017014,02034001,02034027,04005023,04017002,04017003,05006009,05010002,05011020,05017018,05027003,05027008,05031019,06018004,06018008,15005010,17008008,18013026,20003003,20007003,23008001,23010019,23030008,23044005,24036002,24036017,24036028,26024002,26037016,26037020,26043011,28008012,41010004,42001003,42016006,42016007,43019021,44015020,44025026,46004014,46016021,47009001,47013010,50003001,51004018,52004009,53003017,57001019,57001021,62002013,62002014,62002021,62002026,62005013,63001012,64001013,65001003,66001011,66001019,66002001,66002008,66002012,66002018,66003001,66003007,66003012,66003014,66010004,66014013,66019009,66021005
writers:23010001
writes:05024001,05024003,45010005
writhe:24004019,28008010,33004010,38009005
writhed:23026018,35003010
writhes:18015020,23026017,24051029
writing:02032016,05010004,05031024,13028019,14035004,14036022,15001001,16009038,17009025,17009032,23010001,23038009,26002010,26009002,26009003,26009011,27005007,27005008,27005015,27005016,27005017,27005024,27005025,42001063,46005011,46009015,46014037,47001013,48001020,48006011,54003014,61003001,62001004,62002001,62002007,62002008,62002012,62002013,63001005
writings:43005047,45016026,55003015
written:02024012,02031018,02032015,02032032,05009010,05028058,05029020,05029021,05029027,05030010,06001008,06008031,06008032,06008034,06010013,06023006,10001018,11002003,11011041,11014019,11014029,11015007,11015023,11015031,11016005,11016014,11016020,11016027,11021011,11022039,11022045,12001018,12008023,12010034,12012019,12013008,12013012,12014006,12014015,12014018,12014028,12015006,12015011,12015015,12015021,12015026,12015031,12015036,12016019,12020020,12021017,12021025,12022013,12023003,12023021,12023024,12023028,12024005,13009001,13016040,13029029,14009029,14012015,14013022,14016011,14020034,14023018,14024027,14025004,14025026,14027007,14028026,14032032,14033019,14034021,14034024,14034031,14035012,14035025,14035026,14035027,14036008,15003002,15003004,15004007,15005007,15006002,15006018,16006006,16007005,16008014,16008015,16010034,16010036,16012023,16013001,17001019,17003012,17004008,17006002,17008005,17008008,17008009,17008013,17009023,17009026,17009027,17009029,17010002,18019023,18031035,19040007,19139016,19149009,20022020,23065006,24017001,24017013,24025013,24036006,24036029,24051060,26002010,27009011,27009013,27012001,39003016,40002005,40004004,40004006,40004007,40004010,40011010,40021013,40026024,40026031,41001002,41007006,41009012,41009013,41011017,41014021,41014027,42002023,42003004,42004004,42004008,42004010,42004017,42007027,42010020,42010026,42018031,42019046,42020017,42021022,42024044,42024046,43002017,43006031,43006045,43008017,43010034,43012014,43012016,43015025,43019020,43019022,43020030,43020031,43021024,43021025,44001020,44007042,44013029,44013033,44015015,44023005,44024014,45001017,45002015,45002024,45002027,45003004,45003010,45004017,45004023,45007006,45008036,45009013,45009033,45010015,45011008,45011026,45012019,45014011,45015003,45015004,45015009,45015015,45015021,46001019,46001031,46002009,46003019,46004006,46006016,46009009,46009010,46010007,46010011,46014021,46015045,46015054,47003002,47003003,47004013,47008015,47009009,48003010,48003013,48004022,48004027,49003003,52005001,58010007,58013022,60001016,60005012,64001009,66001003,66002017,66005001,66013008,66014001,66017005,66017008,66019012,66019016,66020012,66020015,66021027
wrong:01016005,02002013,02009027,02022021,03019033,03019035,03025014,03025017,04005007,04005008,05019015,05023016,07011027,09011005,09024011,09029006,10013016,10016012,10019019,12018014,13012017,14026018,17001016,18001022,18019003,18019006,18021027,18024012,18024021,18032003,18036023,18040008,19007003,19119003,19125003,20004016,20010023,20028021,23061008,24037018,24040004,25003059,27009005,35001003,35001013,39002006,40020013,40022029,41012024,41012027,42023041,43018023,44007026,44023009,44025005,44025010,45013004,45013010,45014020,46006007,46006008,47007012,47012013,47013007,48004012,51003025,52004006,61002013
wrongdoer:44025011,45013004,51003025
wrongdoers:19037001
wrongdoing:05019016,09025039,44018014,44024020,46013006,61002013,61002015,62005017
wrongdoings:19099008
wronged:19119078,26022007,44007024,47007002,57001018
wrongfully:19035019,19038019
wronging:44007027
wrongly:59004003
wrongs:19058002,19069005
wrote:02024004,02034028,02039030,04033002,05004013,05005022,05010004,05031009,05031022,06008032,06018009,06024026,07008014,09010025,10011014,10011015,11021008,11021009,12010001,12010006,12017037,14026022,14030001,14032017,15004006,15004007,15004008,17008005,17008010,21012010,24036004,24036018,24036027,24036032,24045001,24051060,27005005,27006025,27007001,41010005,41012019,42001063,42020028,43001045,43005046,43008006,43008008,43019019,44018027,44023025,45016022,46005009,46007001,47002003,47002004,47002009,47007012,61003015
wrought:04023023,26027019
wrung:07006038,25001020,25004006
yard:26041012,26041013,26041014,26041015,26042001,26042010,26042013
yards:43021008
yarn:03014004,03014006,03014049,03014051,03014052,04019006
yarns:02025004,02026001,02026031,02026036,02027016,02028005,02028006,02028008,02028015,02028033,02035006,02035023,02035025,02035035,02036008,02036035,02036037,02038018,02038023,02039001,02039002,02039003,02039005,02039008,02039024,02039029
year:01007011,01008013,01014004,01014005,01017021,01018010,01018014,01026012,01041050,01047017,01047018,02012002,02012005,02013010,02023011,02023014,02023016,02023017,02023029,02030010,02034023,02034024,02040017,03009003,03012006,03014010,03016034,03019024,03019025,03023012,03023018,03023019,03023041,03025004,03025005,03025010,03025011,03025013,03025020,03025021,03025022,03025028,03025029,03025030,03025040,03025050,03025052,03025053,03025054,03027017,03027018,03027023,03027024,04001001,04006012,04006014,04007015,04007017,04007021,04007023,04007027,04007029,04007033,04007035,04007039,04007041,04007045,04007047,04007051,04007053,04007057,04007059,04007063,04007065,04007069,04007071,04007075,04007077,04007081,04007083,04007087,04007088,04009001,04010011,04014034,04015027,04028009,04028014,04029013,04029017,04029020,04029023,04029026,04029029,04029032,04033038,05001003,05011012,05014022,05014028,05015009,05015012,05015020,05016016,05024005,05026012,05031010,06005012,07010008,07011040,07017010,09001003,09001007,09001024,09002019,09007016,09027007,10011001,10014026,10021001,11004007,11005011,11006001,11006037,11006038,11009025,11010014,11010025,11014025,11015001,11015009,11015025,11015028,11015033,11016008,11016010,11016015,11016023,11016029,11018001,11022002,11022041,11022051,12001017,12003001,12004016,12008016,12008025,12008026,12009029,12011004,12012001,12012006,12013001,12013010,12013020,12014001,12014023,12015001,12015008,12015013,12015017,12015023,12015027,12015030,12015032,12016001,12017001,12017004,12017006,12018001,12018009,12018010,12018013,12022003,12023023,12024012,12025001,12025002,12025008,12025027,13020001,13026031,13027001,14003002,14009013,14009024,14012002,14013001,14015010,14015019,14016001,14016012,14016013,14017007,14022002,14023001,14024005,14024023,14027005,14029003,14034003,14034008,14035019,14036010,14036022,15001001,15003008,15004024,15005013,15006003,15006015,15007007,15007008,16001001,16002001,16005014,16010031,16010034,16010035,16013006,17001003,17002016,17003007,17009021,17009027,18003006,19065011,23006001,23014028,23020001,23021016,23029001,23032010,23034008,23036001,23061002,23063004,24001002,24001003,24011023,24017008,24023012,24025001,24025003,24028001,24028017,24032001,24036001,24036009,24039001,24039002,24045001,24046002,24048044,24051046,24051059,24052004,24052005,24052012,24052029,24052030,24052031,26001001,26001002,26004006,26008001,26020001,26024001,26026001,26029001,26029017,26030020,26031001,26032001,26032017,26033021,26040001,26046013,26046017,27001001,27001021,27002001,27007001,27008001,27009001,27009002,27010001,27011001,33006006,37001001,37001015,37002010,38001001,38001007,38007001,38014016,42002041,42003001,42004019,42013008,42013009,43011049,43011051,43018013,44011026,44018011,47009002,58009007,58009025,58010001,58010003,59004013,66009015
yearly:07021019,09001021,09002019,09020006,16010032
yearn:50001008
yearned:11003026
yearns:23026009,24031020,59004005
years:01001014,01005003,01005004,01005005,01005006,01005007,01005008,01005009,01005010,01005011,01005012,01005013,01005014,01005015,01005016,01005017,01005018,01005019,01005020,01005021,01005022,01005023,01005025,01005026,01005027,01005028,01005030,01005031,01005032,01007006,01009028,01009029,01011010,01011011,01011012,01011013,01011014,01011015,01011016,01011017,01011018,01011019,01011020,01011021,01011022,01011023,01011024,01011025,01011026,01011032,01012004,01014004,01015009,01015013,01016003,01016016,01017001,01017017,01017024,01017025,01018011,01021005,01023001,01024001,01025007,01025008,01025017,01025020,01025026,01026034,01029018,01029020,01029027,01029030,01031038,01031041,01035028,01037002,01041001,01041026,01041027,01041029,01041030,01041034,01041035,01041036,01041046,01041047,01041048,01041053,01041054,01045006,01045011,01047008,01047009,01047028,01050022,01050026,02006020,02007007,02012040,02012041,02016035,02021002,02023010,02030014,02034022,02038026,03019023,03025003,03025008,03025015,03025016,03025021,03025027,03025050,03025051,03025052,03027003,03027005,03027006,03027007,03027018,04001003,04001018,04001020,04001022,04001024,04001026,04001028,04001030,04001032,04001034,04001036,04001038,04001040,04001042,04001045,04004003,04004023,04004030,04004035,04004039,04004043,04004047,04008025,04013022,04014029,04014033,04014034,04026002,04026004,04032011,04032013,04033039,05002007,05002014,05008002,05008004,05014028,05015001,05015012,05015018,05029005,05031002,05031010,05032007,05034007,06005006,06013001,06014007,06014010,06023001,06023002,06024029,07002008,07003008,07003011,07003014,07003030,07004003,07005031,07006001,07006025,07008028,07009022,07010002,07010003,07010008,07011026,07012007,07012009,07012011,07012014,07013001,07015020,07016031,08001004,09004015,09004018,09007002,09013001,09017012,09029003,10002010,10002011,10004004,10005004,10005005,10013023,10013038,10014028,10015007,10019032,10019034,10019035,10021001,10024013,11001001,11002011,11002039,11006038,11007001,11009010,11010022,11011042,11014020,11014021,11015002,11015010,11015025,11015033,11016008,11016023,11016029,11017001,11022001,11022042,11022051,12003001,12008001,12008002,12008003,12008017,12008026,12010036,12011003,12011021,12012001,12013001,12013010,12014002,12014017,12014021,12014023,12015002,12015017,12015023,12015027,12015033,12016002,12017001,12017005,12018002,12018010,12020006,12021001,12021019,12022001,12023031,12023036,12024001,12024008,12024018,13002021,13003004,13021012,13023003,13023024,13023027,13027023,13029027,14008001,14009021,14009030,14011017,14012013,14013002,14014001,14014006,14018002,14020031,14021005,14021019,14021020,14022002,14022012,14024001,14024015,14025001,14025005,14025025,14026001,14026003,14027001,14027005,14027008,14028001,14029001,14031016,14031017,14033001,14033021,14034001,14036002,14036005,14036009,14036011,14036021,15003008,16005014,16009021,16009030,18010005,18015020,18016022,18032007,18036011,18036026,18042016,19031010,19061006,19077005,19077010,19078033,19090004,19090009,19090010,19090015,19095010,19102024,19102027,20003002,20004010,20005009,20009011,20010027,21006003,21006006,21011008,21012001,23007008,23016014,23020003,23021016,23023015,23023017,23038010,23038015,23065020,24025003,24025011,24025012,24028003,24034014,24052001,26004005,26022004,26029011,26029012,26038008,26039009,27001005,27005031,27009002,27011006,27011008,27011013,29002002,29002025,30001001,30002010,30005025,35003002,38001012,38007003,38007005,39003004,40002016,40009020,41005025,41005042,42001007,42001018,42002036,42002042,42003023,42004025,42008042,42008043,42012019,42013007,42013011,42013016,42015029,43002020,43005005,43008057,44004022,44007006,44007023,44007030,44007036,44009033,44013018,44013020,44013021,44019010,44020031,44024017,44024027,44028030,45004019,45015023,47012002,48001018,48002001,48004010,54005009,58001012,58003009,58003017,59005017,61003008,66020002,66020003,66020004,66020005,66020006,66020007
yellow:03013030,03013032,03013036
yes:01020006,01027033,05033003,07005004,11020033,12002003,12002005,13016030,16004003,19018048,19055007,19056013,19068016,19077011,19084002,19085012,19090017,19093001,19096010,20002003,23032013,24002020,24046021,26016028,26021014,26031017,32004009,36002001,40005037,40009028,40011009,40011026,40013051,40015027,40017025,40021016,41007028,42007026,42010021,42011051,42014026,42024021,43011027,43021015,43021016,44005008,44022027,45003029,47001017,47001018,47001019,47001020,47003015,47005008,50001018,50004003,57001020,59005012,66016007
yeshanah:16003006,16012039
yesterday:02005014,09020027,10015020,12009026,18008009,19090004,43004052,44007028,58013008
yield:01004012,01049020,02023010,03019025,03025019,03026004,03026020,04020008,05011017,05013008,05014022,05022009,05033014,14030008,14032028,16009037,18031039,18040020,19085012,19107037,20008019,20013023,20018020,23005002,23005004,23005010,26034027,26036008,28008007,29002022,35003017,48002005,59003012
yielded:19067006,23005002,27003028,37002019,40027050,41004007,42008008
yielding:01001011,01001012,01001029,41004008,66022002
yields:18024005,19001003,28010001,40013023,58012011
yiron:06019038
yoke:01027040,03026013,05021003,05028048,09006007,09011007,11012004,11012009,11012010,11012011,11012014,11019019,11019021,14010004,14010009,14010010,14010011,14010014,18001003,18042012,23009004,23010027,23014025,23047006,23058009,24002020,24005005,24027008,24027011,24028004,24028010,24028012,24030008,25001014,25003027,26030018,26034027,28010011,28011004,34001013,40011029,40011030,42014019,44015010,48005001,54006001
yoked:04025003,04025005,09006010,19106028,47006014
yokes:10024022,11019021
young:01014024,01015009,01018007,01019004,01022003,01022005,01022019,01024014,01024016,01024028,01024055,01024057,01024061,01027009,01027016,01034003,01034012,01034019,01038017,01038020,01038023,01041012,01044020,02002005,02010009,02023019,02024005,02033011,02034026,03022028,04011027,04015011,04031018,05007013,05014021,05022006,05022007,05022015,05022016,05022019,05022020,05022021,05022024,05022025,05022026,05022027,05022029,05028004,05028018,05028050,05028051,05032011,05032025,06006021,06006023,07006019,07008014,07008020,07009054,07013015,07013019,07013024,07014005,07014006,07014010,07015001,07016026,07017007,07017011,07017012,07018003,07018015,07019013,07019019,07021012,08002005,08002006,08002008,08002009,08002015,08002021,08002022,08002023,08003002,08003010,08004012,09001024,09002017,09002021,09002026,09003001,09003008,09005009,09008016,09009002,09009003,09009011,09009022,09010003,09014001,09014006,09016018,09016020,09017058,09020021,09021002,09021004,09021005,09025005,09025008,09025009,09025012,09025014,09025019,09025025,09025027,09025042,09026022,09030013,09030017,10001005,10001006,10001013,10001015,10002014,10002021,10004012,10009012,10013017,10013032,10013034,10014021,10016002,10017018,10018005,10018012,10018015,10018029,10018032,10020011,11001002,11001003,11001004,11011028,11012008,11012010,11012014,12005022,12006017,12008012,12009004,12009006,13012028,13022005,13029001,14010008,14010010,14010014,14013007,14013009,14015013,14031015,14035007,14035009,14036017,17002002,17002003,17002004,17002007,17002008,17002009,17002012,17002013,17003013,17004004,17004016,17006003,17006005,18001019,18004010,18014009,18019018,18029008,18038039,18038041,18039003,18039004,18039016,18039030,19017012,19029006,19034010,19037025,19058006,19078031,19078063,19084003,19091013,19104021,19105034,19119009,19144014,19147009,19148012,20007007,20009003,20020029,21011009,22001008,22002002,22002003,22002009,22002017,22004002,22006006,22006009,22008014,23005029,23007021,23009017,23011006,23011007,23013018,23020004,23031004,23031008,23034007,23034015,23040011,23040030,23053002,23060006,23062005,23065020,24002023,24006011,24009021,24015008,24031012,24031013,24048015,24049026,24050030,24051003,24051022,25001015,25001018,25002010,25002021,25004003,25005011,25005013,25005014,26009006,26017004,26019003,26019005,26019006,26023006,26023012,26023021,26023023,26030017,26031006,26041019,26045022,26045023,26046011,28005014,28009013,29002028,30002011,30003004,30004010,30008013,33002009,33005008,34002011,34002013,38002004,38009017,38011016,40019020,40019022,41014051,41016005,42002024,42007014,42015029,43012014,43021018,44002017,44005006,44005010,44007058,44020009,44023017,44023018,44023022,56002004,62002013,62002014
younger:01019031,01019034,01019035,01019038,01025023,01027015,01027042,01029016,01029018,01029026,01048014,01048019,07001013,07003009,07015002,13024031,18030001,26016046,26016061,41015040,42015012,42015013,45009012,54005001,54005002,54005011,54005014,56002006,60005005
youngest:01009024,01042013,01042020,01042032,01042034,01043029,01043033,01044002,01044012,01044023,01044026,06006026,07009005,09016011,09017014,11016034,12003021,14021017,14022001,42022026
yours:01014023,01020007,01031032,01045020,01048006,02010005,03010015,04018009,04018011,04018013,04018014,04018015,04018018,05003024,05011024,05015003,05028041,06002014,06002017,06017018,07006014,09015028,10016004,11001047,11003022,11003026,11020004,12001013,12010015,13012018,13021024,13029011,14001010,18042002,19071016,19074016,19086008,19089011,19110003,19119094,23058004,24005019,24032007,24032008,40025025,41011024,42004007,42005033,42015030,42015031,42022042,43017006,43017009,43017010,44008022,45001012,46003021,46003022,46008009,46016018,47012014,49006009,50002005,50004019,60001010,61001008
yourself:01006014,01013009,01014021,01015015,01030029,01033009,01038029,01039009,02008020,02009013,02009014,02009017,02010003,02019023,02020004,02034001,02034002,02034017,03009002,03009007,03018020,03018023,03019018,03019034,03025006,04005020,04011017,04016013,05005008,05010001,05022007,05022012,05023009,05028040,07008021,08003003,08004006,08004008,09009027,09019002,09020008,09020019,10005024,10007023,10007024,10014002,10016021,10018013,10020004,10022026,10022027,11002002,11002036,11003011,11011031,11013007,11014002,11014009,11017003,11017013,11018001,11020022,11020034,11020040,11021020,11022025,12002002,12002004,12002006,12004004,12004030,12022019,13017021,14001011,14018024,14021013,14021015,14034027,16009010,17004013,18015008,18017003,18018004,18022026,18035008,18040010,19007006,19010001,19018025,19018026,19035023,19037001,19037004,19037007,19037008,19044023,19049018,19050021,19055001,19059005,19073020,19080015,19080017,19089046,19104002,20005017,20006003,20006005,20009012,20022025,20024019,20024027,20025006,20026004,20030032,21002001,21007016,21007022,23022016,23033001,23033003,23051017,23052002,23057008,23058007,23058010,23063014,23064012,23065005,24001017,24002017,24002022,24002028,24004030,24013021,24031004,24031021,24032008,24032020,24038023,24045005,24047006,25002018,25003043,25003044,25004021,25005021,26003024,26012003,26012004,26016016,26016017,26016024,26016025,26021016,26023030,26023040,26028004,27005017,27005023,27009015,27010012,28001002,35002016,40004006,40008004,40017027,40019019,40027004,40027040,41001044,41015030,42004009,42004023,42005014,42006042,42007006,42010027,42012011,42023037,42023039,43001022,43007004,43008013,43008053,43010033,43014022,43021018,44005003,44012008,44016028,44021024,44024008,44025010,44026001,45002001,45002003,45002005,45002017,45002019,45002021,45014022,46007021,48006001,54004007,54004013,54004015,54004016,54005022,55002015,55004015,56002007,59002008,66003018
yourselves:01018004,01018005,01034009,01035002,01045005,01047024,01049001,02005011,02007009,02012021,02018018,02019004,02020023,02030037,03011043,03011044,03016029,03016031,03018024,03018030,03019004,03019028,03019031,03020007,03020025,03023027,03023032,03026001,04011018,04016003,04016021,04029007,04031018,04031019,05004015,05004016,05004038,05007001,05007025,05009016,05011023,05014001,05019002,05020014,05028068,05031014,06003005,06006018,06007013,06008002,06010019,06017015,06022016,06022019,06024022,07015012,09002029,09008018,09010019,09012017,09014034,09016005,09017008,11018025,12017035,12017036,13015012,14013009,14029005,14029031,14030008,14035004,14035006,15010011,16013025,18019005,18027012,18042008,23001016,23026020,23029009,23032011,23045020,23050011,23052011,23055002,24004004,24026015,24037009,24046019,24047005,24048006,24050014,26018031,26020007,26020018,26020031,26020043,26034003,26035013,26036031,26047022,28010012,29003011,30003009,30005026,33001010,33001016,33006015,34003015,37001004,37001006,38007006,39002015,39002016,40003009,40006019,40006020,40016008,40023013,40023015,40023031,40025009,40027024,41006031,41009050,42003008,42011046,42011052,42012033,42012057,42013028,42016009,42016015,42017003,42017014,42021030,42021034,42022017,42023028,43003028,43006043,43016019,43018031,43019006,44002033,44002040,44010028,44010037,44013046,44015029,44018015,44020028,44020034,45006011,45006013,45006016,45012019,45015014,46006008,46007005,46010015,46011013,46014009,46014012,47003002,47007011,47011019,47013005,50002003,50002005,50004015,52002001,52003003,52004009,52005002,52005013,53003007,58010034,59001022,59002004,59004007,59004010,60001017,60002005,60004001,60005005,60005006,62005021,63001008,65001020,65001021
youth:01008021,01043033,01046034,03022013,04011028,04030003,04030016,09012002,09017033,09017042,09017055,09020022,10019007,11018012,18013026,18031018,18033025,18036014,19025007,19071005,19071017,19088015,19089045,19103005,19110003,19127004,19129001,19129002,19144012,20001004,20002017,20005018,21004013,21004015,21011009,21011010,21012001,23003005,23047012,23047015,23054004,23054006,24001006,24001007,24002002,24003004,24003024,24003025,24022021,24031019,24032030,24048011,24051022,25003027,26004014,26016022,26016043,26016060,26023003,26023008,26023019,26023021,28002015,29001008,38013005,39002014,39002015,41010020,42018021,44020012,44026004,54004012
youthful:18020011,18033025,55002022
youths:20007007,23040030,24018021,27001004,27001010,27001013,27001015,27001017
zaanan:33001011
zaanannim:06019033,07004011
zabad:13002036,13002037,13007021,13011041,14024026
zabbai:15010028,16003020
zabdi:06007001,06007017,06007018,13008019,13027027,16011017
zabdiel:13027002,16011014
zabud:11004005
zaccai:15002009,16007014
zacchaeus:42019002,42019005,42019008
zaccur:13025010,15008014,16003002,16010012,16013013
zadok:10008017,10015024,10015025,10015027,10015029,10015035,10017015,10018019,10018022,10018027,10019011,10020025,11001008,11001026,11001032,11001034,11001038,11001039,11001044,11001045,11002035,11004004,12015033,13006008,13006012,13006053,13009011,13012028,13015011,13016039,13018016,13024003,13024006,13024031,13027017,13029022,14027001,14031010,15007002,16003004,16003029,16010021,16011011,16013013,26040046,26043019,26044015,26048011,40001014
zadoks:10015036
zaham:14011019
zair:12008021
zalaph:16003030
zalmon:07009048,10023028,19068014
zalmonah:04033041,04033042
zalmunna:07008005,07008006,07008007,07008010,07008012,07008015,07008018,07008021,19083011
zamzummim:05002020
zanoah:06015034,06015056,13004018,16003013,16011030
zaphenath:01041045
zaphon:06013027,07012001
zarephath:11017009,11017010,31001020,42004026
zarethan:06003016,11004012,11007046
zattu:15002008,15008005,15010027,16007013
zeal:10021002,12010016,12019031,19069009,19119139,23009007,23026011,23037032,23042013,23059017,23063015,43002017,45010002,45012008,45012011,47007007,47007011,47009002,50003006
zealot:42006015,44001013
zealous:44021020,44022003,48001014,56002014,60003013,66003019
zealously:41007036
zebadiah:13008015,13008017,13012007,13027007,14017008,14019011,15008008
zebah:07008005,07008006,07008007,07008010,07008012,07008015,07008018,07008021,19083011
zebedee:40004021,40020020,40026037,40027056,41001019,41001020,41003017,41010035,42005010,43021002
zebidah:12023036
zeboiim:01010019,01014002,01014008,05029023,28011008
zeboim:09013018,16011034
zebub:12001002,12001003,12001006,12001016
zebul:07009028,07009030,07009036,07009038,07009041
zebulun:01030020,01046014,01049013,02001003,04001009,04001030,04001031,04002007,04007024,04010016,04013010,04026026,04034025,05033018,06019010,06019016,06019027,06019034,06021007,06021034,07001030,07004006,07004010,07005014,07005018,07006035,07012012,13006063,13006077,13012033,13012040,13027019,14030010,14030011,14030018,19068027,23009001,26048026,26048027,26048033,40004013,40004015,66007008
zebulunite:07012011,07012012
zebulunites:04026027
zechariah:12014029,12015008,12015011,12018002,13009021,13009037,13015018,13015020,13015024,13016005,13024025,13026011,13026014,13027021,14017007,14020014,14024020,14026005,14029001,14029013,14034012,14035008,15005001,15006014,15008003,15008011,15008016,16008004,16011005,16011012,16012016,16012041,23008002,38001001,38001007,38007001,38007008,40023035,42001005,42001012,42001013,42001018,42001021,42001040,42001059,42001067,42003002,42011051
zechariahs:14024022
zecher:13008031
zedad:04034008
zedek:06010001,06010003
zedekiah:11022011,11022024,12024017,12024018,12024020,12025002,12025007,14018010,14018023,14036010,14036011,16010001,24001003,24021001,24021004,24021007,24027001,24027003,24027012,24028001,24029003,24029021,24032001,24032003,24032004,24032005,24034004,24034006,24034008,24034021,24037001,24037003,24037017,24037018,24037021,24038005,24038014,24038015,24038016,24038017,24038019,24038024,24039001,24039002,24039004,24039005,24039006,24039007,24044030,24049034,24051059,24052001,24052003,24052005,24052008,24052010,24052011
zeeb:07007025,07008003,19083011
zela:06018028,10021014
zelek:10023037,13011039
zelophehad:04026033,04027001,04027007,04036002,04036006,04036010,04036011,06017003,13007015
zelzah:09010002
zemaraim:06018022,14013004
zemarites:01010018,13001016
zenan:06015037
zenas:56003013
zephaniah:12025018,13006036,24021001,24029029,24037003,24052024,36001001,38006010,38006014
zephath:07001017
zephathah:14014010
zepho:01036011
zephon:02014002,02014009,04033007
zer:06019035
zerah:01036033,01038030,04026013,06007001,06007018,06007024,06022020,13001044,13002004,13002006,13006021,13006041,13009006,14014009,16011024,40001003
zerahiah:13006006,13006051,15007004,15008004
zerahites:04026013,06007017,13027011,13027013
zered:04021012,05002013,05002014
zeredah:11011026,14004017
zererah:07007022
zeresh:17005010,17005014,17006013
zereth:06013019
zeror:09009001
zeruah:11011026
zerubbabel:15002002,15003002,15003008,15004002,15004003,15005002,16007007,16012001,16012047,37001001,37001012,37001014,37002002,37002004,37002021,37002023,38004006,38004007,38004009,38004010,40001013,42003027
zeruiah:09026006,10002013,10002018,10003039,10008016,10014001,10016009,10016010,10017025,10018002,10019021,10019022,10021017,10023018,10023037,11001007,11002005,11002022,13002016,13011006,13011039,13018012,13018015,13026028,13027024
zetham:13026022
zethar:17001010
zeus:44014012,44014013
ziba:10009002,10009003,10009004,10009009,10009010,10009011,10016001,10016002,10016003,10016004,10019017
zibas:10009012
zibeon:01036014,01036024
zibiah:12012001,14024001
zichri:13008019,13008023,13008027,13009015,13027016,14017016,14023001,14028007,16011009,16012017
ziddim:06019035
ziha:16011021
ziklag:06015031,06019005,09027006,09030001,09030014,09030026,10001001,10004010,13004030,13012001,13012020,16011028
zillah:01004019,01004022
zillethai:13008020
zilpah:01029024,01030009,01030010,01030012,01035026,01037002,01046018
zimmah:13006042,14029012
zimran:01025002
zimri:04025014,11016009,11016010,11016012,11016015,11016016,11016018,11016020,12009031,13008036,13009042,24025025
zin:04013021,04020001,04027014,04033036,04034003,04034004,05032051,06015001,06015003
zion:10005007,11008001,12019031,13011005,14005002,19002006,19009011,19009014,19014007,19020002,19048002,19048011,19048012,19050002,19051018,19053006,19065001,19069035,19074002,19076002,19078068,19084005,19084007,19087002,19087005,19097008,19099002,19102013,19102016,19102021,19110002,19125001,19126001,19128005,19129005,19132013,19133003,19134003,19135021,19137001,19137003,19146010,19147012,19149002,22003011,23001008,23001027,23003017,23004003,23004004,23004005,23008018,23010012,23010032,23012006,23014032,23016001,23018007,23024023,23028016,23029008,23030019,23031004,23031009,23033005,23033014,23033020,23034008,23035010,23037032,23040009,23041027,23046013,23049014,23051003,23051011,23051016,23052001,23052002,23052007,23052008,23059020,23060014,23061003,23064010,23066008,24003014,24004006,24004031,24006002,24006023,24009019,24014019,24031012,24050005,24050028,24051010,24051024,24051035,25001004,25001006,25001017,25002001,25002004,25002006,25002008,25002010,25002013,25002018,25004002,25004011,25004022,25005011,25005018,29002001,29002015,29002023,29002032,29003016,29003017,29003021,30006001,31001017,31001021,33001013,33003010,33003012,33004007,33004008,33004010,33004011,33004013,36003014,38002007,38002010,38009009,38009013,40021005,43012015,45009033,45011026,58012022,66014001
zions:23033006,23062001
zior:06015054
ziph:06015024,06015055,09023014,09023015,09023024,09026002,14011008
ziphites:09023019,09026001
ziphron:04034009
zippor:04022002,04022004,04022010,04022016,04023018,06024009,07011025
zipporah:02002021,02004025,02018002
ziv:11006001,11006037
ziz:14020016
ziza:13004037,14011020
zizah:13023011
zoan:04013022,19078012,19078043,23019011,23019013,23030004,26030014
zoar:01013010,01014002,01014008,01019022,01019023,01019030,05034003,23015005,24048034
zobah:09014047,10008003,10008005,10008012,10010006,10010008,10023036,11011023,13018003,13018005,13018009,13019006,14008003
zobebah:13004008
zohar:01023008,01025009
zophah:13007036
zophai:13006026
zophar:18002011,18011001,18020001,18042009
zophim:04023014,09001001
zorah:06015033,06019041,07013002,07013025,07016031,07018002,07018008,07018011,14011010,16011029
zorathites:13004002
zuar:04001008,04002005,04007018,04007023,04010015
zuph:09001001,09009005,13006035
zur:04025015,04031008,06013021,06015058,13009036,14011007,16003016
zuriel:04003035
zurishaddai:04001006,04002012,04007036,04007041,04010019
zuzim:01014005
